{
    "name": "Jungle Platforms (Only works with < 11 Players)",
    "planets": [
        {
            "name": "Deadmark",
            "mass": 20000,
            "position_x": 13900,
            "position_y": -15100,
            "velocity_x": 114.83656311035156,
            "velocity_y": 105.71049499511719,
            "required_thrust_to_move": 0,
            "starting_planet": true,
            "planet": {
                "seed": 240597152,
                "radius": 800,
                "heightRange": 35,
                "waterHeight": 34,
                "waterDepth": 50,
                "temperature": 50,
                "metalDensity": 51,
                "metalClusters": 50,
                "biomeScale": 50,
                "biome": "earth",
                "symmetryType": "none",
                "symmetricalMetal": false,
                "symmetricalStarts": false,
                "numArmies": 2,
                "landingZonesPerArmy": 0,
                "landingZoneSize": 0
            },
            "source": {
                "brushes": [
                    {
                        "spec": "/pa/terrain/ice/brushes/ice_cliff_09.json",
                        "weight": [
                            1,
                            1,
                            1,
                            1
                        ],
                        "proj": "BP_Bend",
                        "op": "BO_Add",
                        "transform": [
                            -0.49694979190826416,
                            0.8640971183776855,
                            -0.07985648512840271,
                            -63.987457275390625,
                            -0.8669842481613159,
                            -0.4904496967792511,
                            0.08830268681049347,
                            70.75523376464844,
                            0.037136510014534,
                            0.1131163239479065,
                            0.9928874969482422,
                            795.58154296875
                        ],
                        "scale": [
                            1,
                            1,
                            1
                        ],
                        "rotation": 4.1940226554870605,
                        "position": [
                            -63.987457275390625,
                            70.75523376464844,
                            795.58154296875
                        ],
                        "height": 801.2806396484375,
                        "weightHard": false,
                        "weightScale": [
                            1,
                            1,
                            1
                        ],
                        "mirrored": false,
                        "twinId": 0,
                        "flooded": false,
                        "pathable": false,
                        "mergeable": false,
                        "no_features": false,
                        "biomeColor": [
                            0,
                            0,
                            0,
                            1
                        ]
                    },
                    {
                        "spec": "/pa/terrain/ice/brushes/ice_cliff_11.json",
                        "weight": [
                            1,
                            1,
                            1,
                            1
                        ],
                        "proj": "BP_Bend",
                        "op": "BO_Add",
                        "transform": [
                            0.5645459294319153,
                            -0.8133441805839539,
                            -0.14056739211082458,
                            -110.989501953125,
                            -0.8140379190444946,
                            -0.5204783082008362,
                            -0.2577688992023468,
                            -203.52972412109375,
                            0.1364925503730774,
                            0.25994956493377686,
                            -0.9559268951416016,
                            -754.7828369140625
                        ],
                        "scale": [
                            1,
                            1,
                            1
                        ],
                        "rotation": 6.267444133758545,
                        "position": [
                            -110.989501953125,
                            -203.52972412109375,
                            -754.78271484375
                        ],
                        "height": 789.5821533203125,
                        "weightHard": false,
                        "weightScale": [
                            1,
                            1,
                            1
                        ],
                        "mirrored": false,
                        "twinId": 0,
                        "flooded": false,
                        "pathable": false,
                        "mergeable": false,
                        "no_features": false,
                        "biomeColor": [
                            0,
                            0,
                            0,
                            1
                        ]
                    },
                    {
                        "spec": "/pa/terrain/ice/brushes/ice_cliff_11.json",
                        "weight": [
                            1,
                            1,
                            1,
                            1
                        ],
                        "proj": "BP_Bend",
                        "op": "BO_Add",
                        "transform": [
                            -0.19023509323596954,
                            -0.9533975124359131,
                            0.23418733477592468,
                            183.63516235351562,
                            -0.9446864724159241,
                            0.24268722534179688,
                            0.220613494515419,
                            172.99139404296875,
                            -0.2671666443347931,
                            -0.17926518619060516,
                            -0.9468294382095337,
                            -742.44482421875
                        ],
                        "scale": [
                            1,
                            1,
                            1
                        ],
                        "rotation": 0.16457411646842957,
                        "position": [
                            183.63514709472656,
                            172.99139404296875,
                            -742.44482421875
                        ],
                        "height": 784.1378784179688,
                        "weightHard": false,
                        "weightScale": [
                            1,
                            1,
                            1
                        ],
                        "mirrored": false,
                        "twinId": 0,
                        "flooded": false,
                        "pathable": false,
                        "mergeable": false,
                        "no_features": false,
                        "biomeColor": [
                            0,
                            0,
                            0,
                            1
                        ]
                    },
                    {
                        "spec": "/pa/terrain/ice/brushes/ice_cliff_09.json",
                        "weight": [
                            1,
                            1,
                            1,
                            1
                        ],
                        "proj": "BP_Bend",
                        "op": "BO_Add",
                        "transform": [
                            0.7353026270866394,
                            -0.5741888284683228,
                            -0.3600517511367798,
                            -287.4161376953125,
                            0.6297025084495544,
                            0.7752468585968018,
                            0.04966995120048523,
                            39.64970397949219,
                            0.25060907006263733,
                            -0.26324790716171265,
                            0.9316091537475586,
                            743.66943359375
                        ],
                        "scale": [
                            1,
                            1,
                            1
                        ],
                        "rotation": 0.6729022860527039,
                        "position": [
                            -287.4161376953125,
                            39.64970779418945,
                            743.66943359375
                        ],
                        "height": 798.2633666992188,
                        "weightHard": false,
                        "weightScale": [
                            1,
                            1,
                            1
                        ],
                        "mirrored": false,
                        "twinId": 0,
                        "flooded": false,
                        "pathable": false,
                        "mergeable": false,
                        "no_features": false,
                        "biomeColor": [
                            0,
                            0,
                            0,
                            1
                        ]
                    },
                    {
                        "spec": "/pa/terrain/ice/brushes/ice_cliff_11.json",
                        "weight": [
                            1,
                            1,
                            1,
                            1
                        ],
                        "proj": "BP_Bend",
                        "op": "BO_Add",
                        "transform": [
                            -0.2948157787322998,
                            -0.9495292901992798,
                            -0.10713432729244232,
                            -86.09089660644531,
                            0.8808327913284302,
                            -0.3135119080543518,
                            0.35474473237991333,
                            285.0653991699219,
                            -0.3704283833503723,
                            0.010216914117336273,
                            0.9288048148155212,
                            746.3680419921875
                        ],
                        "scale": [
                            1,
                            1,
                            1
                        ],
                        "rotation": 1.891664981842041,
                        "position": [
                            -86.09089660644531,
                            285.0653991699219,
                            746.3680419921875
                        ],
                        "height": 803.5789794921875,
                        "weightHard": false,
                        "weightScale": [
                            1,
                            1,
                            1
                        ],
                        "mirrored": false,
                        "twinId": 0,
                        "flooded": false,
                        "pathable": false,
                        "mergeable": false,
                        "no_features": false,
                        "biomeColor": [
                            0,
                            0,
                            0,
                            1
                        ]
                    },
                    {
                        "spec": "/pa/terrain/ice/brushes/ice_cliff_11.json",
                        "weight": [
                            1,
                            1,
                            1,
                            1
                        ],
                        "proj": "BP_Bend",
                        "op": "BO_Add",
                        "transform": [
                            0.31348717212677,
                            -0.902619481086731,
                            -0.2949639558792114,
                            -235.84373474121094,
                            -0.898044764995575,
                            -0.3827548027038574,
                            0.21682758629322052,
                            173.36839294433594,
                            -0.308611661195755,
                            0.19691815972328186,
                            -0.9305814504623413,
                            -744.0631713867188
                        ],
                        "scale": [
                            1,
                            1,
                            1
                        ],
                        "rotation": 3.0756449699401855,
                        "position": [
                            -235.84373474121094,
                            173.368408203125,
                            -744.063232421875
                        ],
                        "height": 799.5679931640625,
                        "weightHard": false,
                        "weightScale": [
                            1,
                            1,
                            1
                        ],
                        "mirrored": false,
                        "twinId": 0,
                        "flooded": false,
                        "pathable": false,
                        "mergeable": false,
                        "no_features": false,
                        "biomeColor": [
                            0,
                            0,
                            0,
                            1
                        ]
                    },
                    {
                        "spec": "/pa/terrain/ice/brushes/ice_cliff_11.json",
                        "weight": [
                            1,
                            1,
                            1,
                            1
                        ],
                        "proj": "BP_Bend",
                        "op": "BO_Add",
                        "transform": [
                            -0.7989702820777893,
                            0.4816732704639435,
                            0.3600519001483917,
                            289.2760925292969,
                            -0.5319849252700806,
                            -0.845295786857605,
                            -0.04966992884874344,
                            -39.906253814697266,
                            0.28042566776275635,
                            -0.23122696578502655,
                            0.9316090941429138,
                            748.4816284179688
                        ],
                        "scale": [
                            1,
                            1,
                            1
                        ],
                        "rotation": 3.694042205810547,
                        "position": [
                            289.2760925292969,
                            -39.90625762939453,
                            748.4816284179688
                        ],
                        "height": 803.4288330078125,
                        "weightHard": false,
                        "weightScale": [
                            1,
                            1,
                            1
                        ],
                        "mirrored": false,
                        "twinId": 0,
                        "flooded": false,
                        "pathable": false,
                        "mergeable": false,
                        "no_features": false,
                        "biomeColor": [
                            0,
                            0,
                            0,
                            1
                        ]
                    },
                    {
                        "spec": "/pa/terrain/ice/brushes/ice_cliff_02.json",
                        "weight": [
                            1,
                            1,
                            1,
                            1
                        ],
                        "proj": "BP_Bend",
                        "op": "BO_Add",
                        "transform": [
                            -0.09795083850622177,
                            0.9851012825965881,
                            0.1413545161485672,
                            115.31946563720703,
                            -0.9659596681594849,
                            -0.12828244268894196,
                            0.22464531660079956,
                            183.26954650878906,
                            0.239431694149971,
                            -0.11453856527805328,
                            0.9641335010528564,
                            786.5568237304688
                        ],
                        "scale": [
                            1,
                            1,
                            1
                        ],
                        "rotation": 4.596950531005859,
                        "position": [
                            115.31947326660156,
                            183.26954650878906,
                            786.5567016601562
                        ],
                        "height": 815.8173217773438,
                        "weightHard": false,
                        "weightScale": [
                            1,
                            1,
                            1
                        ],
                        "mirrored": false,
                        "twinId": 0,
                        "flooded": false,
                        "pathable": false,
                        "mergeable": false,
                        "no_features": false,
                        "biomeColor": [
                            0,
                            0,
                            0,
                            1
                        ]
                    },
                    {
                        "spec": "/pa/terrain/ice/brushes/ice_cliff_03.json",
                        "weight": [
                            1,
                            1,
                            1,
                            1
                        ],
                        "proj": "BP_Bend",
                        "op": "BO_Add",
                        "transform": [
                            -0.14474019408226013,
                            -0.9893471598625183,
                            -0.015569509007036686,
                            -12.31570053100586,
                            0.9466474652290344,
                            -0.13388000428676605,
                            -0.2931462526321411,
                            -231.88279724121094,
                            0.2879389524459839,
                            -0.057168882340192795,
                            0.955940842628479,
                            756.16259765625
                        ],
                        "scale": [
                            1,
                            1,
                            1
                        ],
                        "rotation": 1.7137306928634644,
                        "position": [
                            -12.31570053100586,
                            -231.88279724121094,
                            756.16259765625
                        ],
                        "height": 791.0140380859375,
                        "weightHard": false,
                        "weightScale": [
                            1,
                            1,
                            1
                        ],
                        "mirrored": false,
                        "twinId": 0,
                        "flooded": false,
                        "pathable": false,
                        "mergeable": false,
                        "no_features": false,
                        "biomeColor": [
                            0,
                            0,
                            0,
                            1
                        ]
                    },
                    {
                        "spec": "/pa/terrain/ice/brushes/ice_cliff_04.json",
                        "weight": [
                            1,
                            1,
                            1,
                            1
                        ],
                        "proj": "BP_Bend",
                        "op": "BO_Add",
                        "transform": [
                            -0.3466733992099762,
                            -0.9271699786186218,
                            -0.14203310012817383,
                            -112.71642303466797,
                            -0.928661584854126,
                            0.3179713785648346,
                            0.19100216031074524,
                            151.57791137695312,
                            -0.13192899525165558,
                            0.19811606407165527,
                            -0.9712592363357544,
                            -770.7841796875
                        ],
                        "scale": [
                            1,
                            1,
                            1
                        ],
                        "rotation": 3.193514347076416,
                        "position": [
                            -112.71625518798828,
                            151.57766723632812,
                            -770.7842407226562
                        ],
                        "height": 793.5926513671875,
                        "weightHard": false,
                        "weightScale": [
                            1,
                            1,
                            1
                        ],
                        "mirrored": false,
                        "twinId": 0,
                        "flooded": false,
                        "pathable": false,
                        "mergeable": false,
                        "no_features": false,
                        "biomeColor": [
                            0,
                            0,
                            0,
                            1
                        ]
                    },
                    {
                        "spec": "/pa/terrain/ice/brushes/ice_cliff_04.json",
                        "weight": [
                            1,
                            1,
                            1,
                            1
                        ],
                        "proj": "BP_Bend",
                        "op": "BO_Add",
                        "transform": [
                            -0.9103045463562012,
                            0.3618447184562683,
                            -0.20103247463703156,
                            -160.2512969970703,
                            -0.4079245328903198,
                            -0.8666693568229675,
                            0.2871965169906616,
                            228.93621826171875,
                            -0.0703081414103508,
                            0.3434423804283142,
                            0.9365383982658386,
                            746.553466796875
                        ],
                        "scale": [
                            1,
                            1,
                            1
                        ],
                        "rotation": 3.5503807067871094,
                        "position": [
                            -160.2512969970703,
                            228.9362030029297,
                            746.553466796875
                        ],
                        "height": 797.141357421875,
                        "weightHard": false,
                        "weightScale": [
                            1,
                            1,
                            1
                        ],
                        "mirrored": false,
                        "twinId": 0,
                        "flooded": false,
                        "pathable": false,
                        "mergeable": false,
                        "no_features": false,
                        "biomeColor": [
                            0,
                            0,
                            0,
                            1
                        ]
                    },
                    {
                        "spec": "/pa/terrain/ice/brushes/ice_cliff_02.json",
                        "weight": [
                            1,
                            1,
                            1,
                            1
                        ],
                        "proj": "BP_Bend",
                        "op": "BO_Add",
                        "transform": [
                            0.8060056567192078,
                            0.5672033429145813,
                            -0.16921980679035187,
                            -133.7509002685547,
                            0.4991682767868042,
                            -0.8049913048744202,
                            -0.3206556737422943,
                            -253.4454345703125,
                            -0.31809744238853455,
                            0.17398111522197723,
                            -0.9319573640823364,
                            -736.6167602539062
                        ],
                        "scale": [
                            1,
                            1,
                            1
                        ],
                        "rotation": 4.727296829223633,
                        "position": [
                            -133.75096130371094,
                            -253.44554138183594,
                            -736.6167602539062
                        ],
                        "height": 790.3974609375,
                        "weightHard": false,
                        "weightScale": [
                            1,
                            1,
                            1
                        ],
                        "mirrored": false,
                        "twinId": 0,
                        "flooded": false,
                        "pathable": false,
                        "mergeable": false,
                        "no_features": false,
                        "biomeColor": [
                            0,
                            0,
                            0,
                            1
                        ]
                    },
                    {
                        "spec": "/pa/terrain/ice/brushes/ice_cliff_03.json",
                        "weight": [
                            1,
                            1,
                            1,
                            1
                        ],
                        "proj": "BP_Bend",
                        "op": "BO_Add",
                        "transform": [
                            0.04110261797904968,
                            0.9716320037841797,
                            0.23289887607097626,
                            187.714599609375,
                            0.9672133326530457,
                            0.019774585962295532,
                            -0.2531946301460266,
                            -204.07281494140625,
                            -0.25061750411987305,
                            0.23566985130310059,
                            -0.9389626979827881,
                            -756.7963256835938
                        ],
                        "scale": [
                            1,
                            1,
                            1
                        ],
                        "rotation": 6.210728168487549,
                        "position": [
                            187.71441650390625,
                            -204.07260131835938,
                            -756.7962646484375
                        ],
                        "height": 805.9918823242188,
                        "weightHard": false,
                        "weightScale": [
                            1,
                            1,
                            1
                        ],
                        "mirrored": false,
                        "twinId": 0,
                        "flooded": false,
                        "pathable": false,
                        "mergeable": false,
                        "no_features": false,
                        "biomeColor": [
                            0,
                            0,
                            0,
                            1
                        ]
                    },
                    {
                        "spec": "/pa/terrain/ice/brushes/ice_cliff_04.json",
                        "weight": [
                            1,
                            1,
                            1,
                            1
                        ],
                        "proj": "BP_Bend",
                        "op": "BO_Add",
                        "transform": [
                            -0.4867759346961975,
                            0.811547040939331,
                            0.3231726884841919,
                            261.6200866699219,
                            -0.7847100496292114,
                            -0.568792998790741,
                            0.24638327956199646,
                            199.4562530517578,
                            0.3837699890136719,
                            -0.13366340100765228,
                            0.9137037992477417,
                            739.6765747070312
                        ],
                        "scale": [
                            1,
                            1,
                            1
                        ],
                        "rotation": 4.128126621246338,
                        "position": [
                            261.6201171875,
                            199.45628356933594,
                            739.6766357421875
                        ],
                        "height": 809.5364990234375,
                        "weightHard": false,
                        "weightScale": [
                            1,
                            1,
                            1
                        ],
                        "mirrored": false,
                        "twinId": 0,
                        "flooded": false,
                        "pathable": false,
                        "mergeable": false,
                        "no_features": false,
                        "biomeColor": [
                            0,
                            0,
                            0,
                            1
                        ]
                    },
                    {
                        "spec": "/pa/terrain/ice/brushes/ice_cliff_03.json",
                        "weight": [
                            1,
                            1,
                            1,
                            1
                        ],
                        "proj": "BP_Bend",
                        "op": "BO_Add",
                        "transform": [
                            -0.9248694777488708,
                            0.37996169924736023,
                            0.015669802203774452,
                            12.463765144348145,
                            0.36312949657440186,
                            0.8946337699890137,
                            -0.26032203435897827,
                            -207.06021118164062,
                            -0.11293113231658936,
                            -0.2350737452507019,
                            -0.9653948545455933,
                            -767.8753051757812
                        ],
                        "scale": [
                            1,
                            1,
                            1
                        ],
                        "rotation": 3.6495649814605713,
                        "position": [
                            12.463768005371094,
                            -207.0602569580078,
                            -767.8751831054688
                        ],
                        "height": 795.4002685546875,
                        "weightHard": false,
                        "weightScale": [
                            1,
                            1,
                            1
                        ],
                        "mirrored": false,
                        "twinId": 0,
                        "flooded": false,
                        "pathable": false,
                        "mergeable": false,
                        "no_features": false,
                        "biomeColor": [
                            0,
                            0,
                            0,
                            1
                        ]
                    },
                    {
                        "spec": "/pa/terrain/ice/brushes/ice_cliff_04.json",
                        "weight": [
                            1,
                            1,
                            1,
                            1
                        ],
                        "proj": "BP_Bend",
                        "op": "BO_Add",
                        "transform": [
                            -0.851264476776123,
                            -0.3510253429412842,
                            -0.3900383710861206,
                            -312.31390380859375,
                            0.3747536540031433,
                            -0.9269800782203674,
                            0.016355000436306,
                            13.09587574005127,
                            -0.3672988712787628,
                            -0.13224586844444275,
                            0.9206532835960388,
                            737.1911010742188
                        ],
                        "scale": [
                            1,
                            1,
                            1
                        ],
                        "rotation": 2.7540857791900635,
                        "position": [
                            -312.3138732910156,
                            13.095873832702637,
                            737.1911010742188
                        ],
                        "height": 800.7260131835938,
                        "weightHard": false,
                        "weightScale": [
                            1,
                            1,
                            1
                        ],
                        "mirrored": false,
                        "twinId": 0,
                        "flooded": false,
                        "pathable": false,
                        "mergeable": false,
                        "no_features": false,
                        "biomeColor": [
                            0,
                            0,
                            0,
                            1
                        ]
                    },
                    {
                        "spec": "/pa/terrain/ice/brushes/ice_cliff_02.json",
                        "weight": [
                            1,
                            1,
                            1,
                            1
                        ],
                        "proj": "BP_Bend",
                        "op": "BO_Add",
                        "transform": [
                            0.7168614864349365,
                            -0.6154020428657532,
                            -0.3277040123939514,
                            -258.5484924316406,
                            -0.6825512051582336,
                            -0.7153263688087463,
                            -0.14977344870567322,
                            -118.16670227050781,
                            -0.14224441349506378,
                            0.3310415744781494,
                            -0.9328333139419556,
                            -735.9771118164062
                        ],
                        "scale": [
                            1,
                            1,
                            1
                        ],
                        "rotation": 4.735246658325195,
                        "position": [
                            -258.5484924316406,
                            -118.16670989990234,
                            -735.9771118164062
                        ],
                        "height": 788.9696044921875,
                        "weightHard": false,
                        "weightScale": [
                            1,
                            1,
                            1
                        ],
                        "mirrored": false,
                        "twinId": 0,
                        "flooded": false,
                        "pathable": false,
                        "mergeable": false,
                        "no_features": false,
                        "biomeColor": [
                            0,
                            0,
                            0,
                            1
                        ]
                    },
                    {
                        "spec": "/pa/terrain/ice/brushes/ice_cliff_04.json",
                        "weight": [
                            1,
                            1,
                            1,
                            1
                        ],
                        "proj": "BP_Bend",
                        "op": "BO_Add",
                        "transform": [
                            -0.3835802972316742,
                            -0.9006026983261108,
                            -0.20440363883972168,
                            -161.67601013183594,
                            -0.8872823715209961,
                            0.4207765460014343,
                            -0.18888364732265472,
                            -149.40023803710938,
                            0.25611740350723267,
                            0.10891172289848328,
                            -0.9604905843734741,
                            -759.7138671875
                        ],
                        "scale": [
                            1,
                            1,
                            1
                        ],
                        "rotation": 0.3438813388347626,
                        "position": [
                            -161.67588806152344,
                            -149.40013122558594,
                            -759.7137451171875
                        ],
                        "height": 790.9644165039062,
                        "weightHard": false,
                        "weightScale": [
                            1,
                            1,
                            1
                        ],
                        "mirrored": false,
                        "twinId": 0,
                        "flooded": false,
                        "pathable": false,
                        "mergeable": false,
                        "no_features": false,
                        "biomeColor": [
                            0,
                            0,
                            0,
                            1
                        ]
                    },
                    {
                        "spec": "/pa/terrain/ice/brushes/ice_cliff_01.json",
