{
    "name": "RNA - Next Gen FFA",
    "planets": [
        {
            "name": "RNA",
            "mass": 10000,
            "position_x": -6899.99755859375,
            "position_y": -20400.001953125,
            "velocity_x": 144.3404998779297,
            "velocity_y": -48.821022033691406,
            "required_thrust_to_move": 0,
            "starting_planet": true,
            "planet": {
                "seed": 1813882752,
                "radius": 1000,
                "heightRange": 24,
                "waterHeight": 33,
                "waterDepth": 84,
                "temperature": 48,
                "metalDensity": 0,
                "metalClusters": 0,
                "biomeScale": 50,
                "biome": "tropical",
                "symmetryType": "none",
                "symmetricalMetal": false,
                "symmetricalStarts": false,
                "numArmies": 2,
                "landingZonesPerArmy": 1,
                "landingZoneSize": 0
            },
            "source": {
                "brushes": [
                    {
                        "spec": "/pa/terrain/ice/brushes/ice_cliff_11.json",
                        "weight": [
                            1,
                            1,
                            1,
                            1
                        ],
                        "proj": "BP_Bend",
                        "op": "BO_Add",
                        "transform": [
                            0.22516128420829773,
                            -0.8919744491577148,
                            0.3920252323150635,
                            390.4923400878906,
                            -0.9467254877090454,
                            -0.29537567496299744,
                            -0.12831199169158936,
                            -127.81026458740234,
                            0.23024573922157288,
                            -0.34224939346313477,
                            -0.9109621047973633,
                            -907.4000244140625
                        ],
                        "scale": [
                            1,
                            1,
                            1
                        ],
                        "rotation": 3.8038761615753174,
                        "position": [
                            390.4924621582031,
                            -127.81031036376953,
                            -907.400146484375
                        ],
                        "height": 996.0897827148438,
                        "weightHard": false,
                        "weightScale": [
                            1,
                            1,
                            1
                        ],
                        "mirrored": false,
                        "twinId": 0,
                        "flooded": false,
                        "pathable": false,
                        "mergeable": false,
                        "no_features": false,
                        "biomeColor": [
                            0,
                            0,
                            0,
                            1
                        ]
                    },
                    {
                        "spec": "/pa/terrain/ice/brushes/ice_cliff_09.json",
                        "weight": [
                            1,
                            1,
                            1,
                            1
                        ],
                        "proj": "BP_Bend",
                        "op": "BO_Add",
                        "transform": [
                            -0.7469490766525269,
                            -0.6529194116592407,
                            -0.125552698969841,
                            -125.44689178466797,
                            0.6648788452148438,
                            -0.7340225577354431,
                            -0.13837271928787231,
                            -138.256103515625,
                            -0.0018122866749763489,
                            -0.18683470785617828,
                            0.9823896884918213,
                            981.5618286132812
                        ],
                        "scale": [
                            1,
                            1,
                            1
                        ],
                        "rotation": 2.4144303798675537,
                        "position": [
                            -125.4469223022461,
                            -138.25613403320312,
                            981.5618896484375
                        ],
                        "height": 999.1572875976562,
                        "weightHard": false,
                        "weightScale": [
                            1,
                            1,
                            1
                        ],
                        "mirrored": false,
                        "twinId": 0,
                        "flooded": false,
                        "pathable": true,
                        "mergeable": false,
                        "no_features": false,
                        "biomeColor": [
                            0,
                            0,
                            0,
                            1
                        ]
                    },
                    {
                        "spec": "/pa/terrain/ice/brushes/ice_cliff_09.json",
                        "weight": [
                            1,
                            1,
                            1,
                            1
                        ],
                        "proj": "BP_Bend",
                        "op": "BO_Add",
                        "transform": [
                            -0.8376088738441467,
                            -0.5415348410606384,
                            -0.07177314907312393,
                            -71.91582489013672,
                            0.5220370888710022,
                            -0.7548132538795471,
                            -0.3971576392650604,
                            -397.9471435546875,
                            0.16089937090873718,
                            -0.3701310157775879,
                            0.9149395823478699,
                            916.7583618164062
                        ],
                        "scale": [
                            1,
                            1,
                            1
                        ],
                        "rotation": 2.5527396202087402,
                        "position": [
                            -71.91583251953125,
                            -397.9471435546875,
                            916.75830078125
                        ],
                        "height": 1001.9878540039062,
                        "weightHard": false,
                        "weightScale": [
                            1,
                            1,
                            1
                        ],
                        "mirrored": false,
                        "twinId": 0,
                        "flooded": false,
                        "pathable": true,
                        "mergeable": false,
                        "no_features": false,
                        "biomeColor": [
                            0,
                            0,
                            0,
                            1
                        ]
                    },
                    {
                        "spec": "/pa/terrain/ice/brushes/ice_cliff_11.json",
                        "weight": [
                            1,
                            1,
                            1,
                            1
                        ],
                        "proj": "BP_Bend",
                        "op": "BO_Add",
                        "transform": [
                            0.5699709057807922,
                            0.6952958106994629,
                            -0.43783214688301086,
                            -437.7636413574219,
                            -0.7270874977111816,
                            0.6749957203865051,
                            0.12539725005626678,
                            125.37763214111328,
                            0.38272303342819214,
                            0.2468695193529129,
                            0.8902688026428223,
                            890.1295166015625
                        ],
                        "scale": [
                            1,
                            1,
                            1
                        ],
                        "rotation": 5.431370735168457,
                        "position": [
                            -437.763671875,
                            125.37763214111328,
                            890.1295166015625
                        ],
                        "height": 999.8435668945312,
                        "weightHard": false,
                        "weightScale": [
                            1,
                            1,
                            1
                        ],
                        "mirrored": false,
                        "twinId": 0,
                        "flooded": false,
                        "pathable": false,
                        "mergeable": false,
                        "no_features": false,
                        "biomeColor": [
                            0,
                            0,
                            0,
                            1
                        ]
                    },
                    {
                        "spec": "/pa/terrain/ice/brushes/ice_cliff_09.json",
                        "weight": [
                            1,
                            1,
                            1,
                            1
                        ],
                        "proj": "BP_Bend",
                        "op": "BO_Add",
                        "transform": [
                            -0.4646250605583191,
                            -0.8285861015319824,
                            0.31235963106155396,
                            309.97076416015625,
                            0.7753024697303772,
                            -0.5510751605033875,
                            -0.3085809350013733,
                            -306.2209777832031,
                            0.42781949043273926,
                            0.09879876673221588,
                            0.8984482288360596,
                            891.5770874023438
                        ],
                        "scale": [
                            1,
                            1,
                            1
                        ],
                        "rotation": 2.1353230476379395,
                        "position": [
                            309.9707946777344,
                            -306.22100830078125,
                            891.5770874023438
                        ],
                        "height": 992.3522338867188,
                        "weightHard": false,
                        "weightScale": [
                            1,
                            1,
                            1
                        ],
                        "mirrored": false,
                        "twinId": 0,
                        "flooded": false,
                        "pathable": true,
                        "mergeable": false,
                        "no_features": false,
                        "biomeColor": [
                            0,
                            0,
                            0,
                            1
                        ]
                    },
                    {
                        "spec": "/pa/terrain/ice/brushes/ice_cliff_11.json",
                        "weight": [
                            1,
                            1,
                            1,
                            1
                        ],
                        "proj": "BP_Bend",
                        "op": "BO_Add",
                        "transform": [
                            0.5136457085609436,
                            0.8486921191215515,
                            0.12605386972427368,
                            125.26038360595703,
                            0.847005307674408,
                            -0.525006890296936,
                            0.08336448669433594,
                            82.8397216796875,
                            0.1369299292564392,
                            0.06394848227500916,
                            -0.9885143041610718,
                            -982.2918090820312
                        ],
                        "scale": [
                            1,
                            1,
                            1
                        ],
                        "rotation": 3.288984537124634,
                        "position": [
                            125.26112365722656,
                            82.84021759033203,
                            -982.2918701171875
                        ],
                        "height": 993.7052001953125,
                        "weightHard": false,
                        "weightScale": [
                            1,
                            1,
                            1
                        ],
                        "mirrored": false,
                        "twinId": 0,
                        "flooded": false,
                        "pathable": false,
                        "mergeable": false,
                        "no_features": false,
                        "biomeColor": [
                            0,
                            0,
                            0,
                            1
                        ]
                    },
                    {
                        "spec": "/pa/terrain/ice/brushes/ice_cliff_07.json",
                        "weight": [
                            1,
                            1,
                            1,
                            1
                        ],
                        "proj": "BP_Bend",
                        "op": "BO_Add",
                        "transform": [
                            0.058677852153778076,
                            0.9701343774795532,
                            -0.23536425828933716,
                            -234.8743133544922,
                            0.8991174101829529,
                            -0.15380284190177917,
                            -0.4097963571548462,
                            -408.94329833984375,
                            -0.4337572157382965,
                            -0.187574103474617,
                            -0.8812894821166992,
                            -879.4549560546875
                        ],
                        "scale": [
                            1,
                            1,
                            1
                        ],
                        "rotation": 3.7828917503356934,
                        "position": [
                            -234.87420654296875,
                            -408.943115234375,
                            -879.45458984375
                        ],
                        "height": 997.9183349609375,
                        "weightHard": false,
                        "weightScale": [
                            1,
                            1,
                            1
                        ],
                        "mirrored": false,
                        "twinId": 0,
                        "flooded": false,
                        "pathable": false,
                        "mergeable": false,
                        "no_features": false,
                        "biomeColor": [
                            0,
                            0,
                            0,
                            1
                        ]
                    },
                    {
                        "spec": "/pa/terrain/ice/brushes/ice_cliff_06.json",
                        "weight": [
                            1,
                            1,
                            1,
                            1
                        ],
                        "proj": "BP_Bend",
                        "op": "BO_Add",
                        "transform": [
                            -0.9221357107162476,
                            0.30564218759536743,
                            -0.2371681034564972,
                            -236.6807098388672,
                            0.1989607810974121,
                            0.9004346132278442,
                            0.3868236839771271,
                            386.02874755859375,
                            0.33178403973579407,
                            0.3095167875289917,
                            -0.8911337852478027,
                            -889.3024291992188
                        ],
                        "scale": [
                            1,
                            1,
                            1
                        ],
                        "rotation": 4.511707305908203,
                        "position": [
                            -236.6807098388672,
                            386.0287170410156,
                            -889.3021850585938
                        ],
                        "height": 997.9449462890625,
                        "weightHard": false,
                        "weightScale": [
                            1,
                            1,
                            1
                        ],
                        "mirrored": false,
                        "twinId": 0,
                        "flooded": false,
                        "pathable": false,
                        "mergeable": false,
                        "no_features": false,
                        "biomeColor": [
                            0,
                            0,
                            0,
                            1
                        ]
                    },
                    {
                        "spec": "/pa/terrain/ice/brushes/ice_cliff_04.json",
                        "weight": [
                            1,
                            1,
                            1,
                            1
                        ],
                        "proj": "BP_Bend",
                        "op": "BO_Add",
                        "transform": [
                            -0.07365716993808746,
                            0.9781826734542847,
                            0.194250226020813,
                            192.91607666015625,
                            -0.9478388428688049,
                            -0.008094429969787598,
                            -0.31864726543426514,
                            -316.4587097167969,
                            -0.31012290716171265,
                            -0.2075885683298111,
                            0.9277557730674744,
                            921.3837280273438
                        ],
                        "scale": [
                            1,
                            1,
                            1
                        ],
                        "rotation": 4.669968605041504,
                        "position": [
                            192.91604614257812,
                            -316.4587097167969,
                            921.3837280273438
                        ],
                        "height": 993.1317749023438,
                        "weightHard": false,
                        "weightScale": [
                            1,
                            1,
                            1
                        ],
                        "mirrored": false,
                        "twinId": 0,
                        "flooded": false,
                        "pathable": false,
                        "mergeable": false,
                        "no_features": false,
                        "biomeColor": [
                            0,
                            0,
                            0,
                            1
                        ]
                    },
                    {
                        "spec": "/pa/terrain/ice/brushes/ice_cliff_01.json",
                        "weight": [
                            1,
                            1,
                            1,
                            1
                        ],
                        "proj": "BP_Bend",
                        "op": "BO_Add",
                        "transform": [
                            -0.7162078022956848,
                            0.6250225901603699,
                            -0.31047242879867554,
                            -308.518310546875,
                            0.6978031396865845,
                            0.6344523429870605,
                            -0.33247703313827515,
                            -330.3844299316406,
                            -0.010825693607330322,
                            -0.4547712802886963,
                            -0.8905423879623413,
                            -884.9373168945312
                        ],
                        "scale": [
                            1,
                            1,
                            1
                        ],
                        "rotation": 2.41420578956604,
                        "position": [
                            -308.51824951171875,
                            -330.38433837890625,
                            -884.9375610351562
                        ],
                        "height": 993.7059936523438,
                        "weightHard": false,
                        "weightScale": [
                            1,
                            1,
                            1
                        ],
                        "mirrored": false,
                        "twinId": 0,
                        "flooded": false,
                        "pathable": false,
                        "mergeable": false,
                        "no_features": false,
                        "biomeColor": [
                            0,
                            0,
                            0,
                            1
                        ]
                    },
                    {
                        "spec": "/pa/terrain/ice/brushes/ice_cliff_01.json",
                        "weight": [
                            1,
                            1,
                            1,
                            1
                        ],
                        "proj": "BP_Bend",
                        "op": "BO_Add",
                        "transform": [
                            -0.473806768655777,
                            0.8806288242340088,
                            -7.295246629013263e-9,
                            -0.000007251905117300339,
                            0.8682774901390076,
                            0.4671613574028015,
                            0.1668957620859146,
                            165.90423583984375,
                            0.14697323739528656,
                            0.07907634228467941,
                            -0.9859743714332581,
                            -980.1166381835938
                        ],
                        "scale": [
                            1,
                            1,
                            1
                        ],
                        "rotation": 4.218780517578125,
                        "position": [
                            -0.000007251900115079479,
                            165.9041290283203,
                            -980.11669921875
                        ],
                        "height": 994.0588989257812,
                        "weightHard": false,
                        "weightScale": [
                            1,
                            1,
                            1
                        ],
                        "mirrored": false,
                        "twinId": 0,
                        "flooded": false,
                        "pathable": false,
                        "mergeable": false,
                        "no_features": false,
                        "biomeColor": [
                            0,
                            0,
                            0,
                            1
                        ]
                    },
                    {
                        "spec": "/pa/terrain/ice/brushes/ice_cliff_04.json",
                        "weight": [
                            1,
                            1,
                            1,
                            1
                        ],
                        "proj": "BP_Bend",
                        "op": "BO_Add",
                        "transform": [
                            -0.4427548050880432,
                            -0.8809854984283447,
                            0.16683121025562286,
                            164.72381591796875,
                            -0.8494492173194885,
                            0.352558434009552,
                            -0.3926043212413788,
                            -387.6449890136719,
                            0.28706094622612,
                            -0.3155421316623688,
                            -0.904449462890625,
                            -893.0245361328125
                        ],
                        "scale": [
                            1,
                            1,
                            1
                        ],
                        "rotation": 2.8052382469177246,
                        "position": [
                            164.72372436523438,
                            -387.644775390625,
                            -893.0247802734375
                        ],
                        "height": 987.3681030273438,
                        "weightHard": false,
                        "weightScale": [
                            1,
                            1,
                            1
                        ],
                        "mirrored": false,
                        "twinId": 0,
                        "flooded": false,
                        "pathable": false,
                        "mergeable": false,
                        "no_features": false,
                        "biomeColor": [
                            0,
                            0,
                            0,
                            1
                        ]
                    },
                    {
                        "spec": "/pa/terrain/ice/brushes/ice_cliff_01.json",
                        "weight": [
                            1,
                            1,
                            1,
                            1
                        ],
                        "proj": "BP_Bend",
                        "op": "BO_Add",
                        "transform": [
                            0.06494355201721191,
                            0.9359945058822632,
                            -0.3459716737270355,
                            -346.34185791015625,
                            0.9940208792686462,
                            -0.030182182788848877,
                            0.10493577271699905,
                            105.04805755615234,
                            0.08777710795402527,
                            -0.3507179617881775,
                            -0.9323582649230957,
                            -933.3558959960938
                        ],
                        "scale": [
                            1,
                            1,
                            1
                        ],
                        "rotation": 1.0310673713684082,
                        "position": [
                            -346.34222412109375,
                            105.04816436767578,
                            -933.3557739257812
                        ],
                        "height": 1001.0700073242188,
                        "weightHard": false,
                        "weightScale": [
                            1,
                            1,
                            1
                        ],
                        "mirrored": false,
                        "twinId": 0,
                        "flooded": false,
                        "pathable": false,
                        "mergeable": false,
                        "no_features": false,
                        "biomeColor": [
                            0,
                            0,
                            0,
                            1
                        ]
                    },
                    {
                        "spec": "/pa/terrain/ice/brushes/ice_cliff_04.json",
                        "weight": [
                            1,
                            1,
                            1,
                            1
                        ],
                        "proj": "BP_Bend",
                        "op": "BO_Add",
                        "transform": [
                            -0.6230934262275696,
                            -0.781757116317749,
                            0.024705255404114723,
                            24.52878189086914,
                            -0.7563567161560059,
                            0.5942022800445557,
                            -0.27358314394950867,
                            -271.62890625,
                            0.19919566810131073,
                            -0.18915385007858276,
                            -0.9615308046340942,
                            -954.6624755859375
                        ],
                        "scale": [
                            1,
                            1,
                            1
                        ],
                        "rotation": 2.420400857925415,
                        "position": [
                            24.528806686401367,
                            -271.6291809082031,
                            -954.6626586914062
                        ],
                        "height": 992.8568725585938,
                        "weightHard": false,
                        "weightScale": [
                            1,
                            1,
                            1
                        ],
                        "mirrored": false,
                        "twinId": 0,
                        "flooded": false,
                        "pathable": false,
                        "mergeable": false,
                        "no_features": false,
                        "biomeColor": [
                            0,
                            0,
                            0,
                            1
                        ]
                    },
                    {
                        "spec": "/pa/terrain/ice/brushes/ice_cliff_03.json",
                        "weight": [
                            1,
                            1,
                            1,
                            1
                        ],
                        "proj": "BP_Bend",
                        "op": "BO_Add",
                        "transform": [
                            -0.48971009254455566,
                            -0.8438282608985901,
                            -0.2194027304649353,
                            -218.00503540039062,
                            -0.7922313213348389,
                            0.5357319712638855,
                            -0.29216480255126953,
                            -290.3035888671875,
                            0.36407798528671265,
                            0.03074166178703308,
                            -0.9308605194091797,
                            -924.9305419921875
                        ],
                        "scale": [
                            1,
                            1,
                            1
                        ],
                        "rotation": 0.8424468636512756,
                        "position": [
                            -218.00502014160156,
                            -290.3035583496094,
                            -924.9312133789062
                        ],
                        "height": 993.6295776367188,
                        "weightHard": false,
                        "weightScale": [
                            1,
                            1,
                            1
                        ],
                        "mirrored": false,
                        "twinId": 0,
                        "flooded": false,
                        "pathable": false,
                        "mergeable": false,
                        "no_features": false,
                        "biomeColor": [
                            0,
                            0,
                            0,
                            1
                        ]
                    },
                    {
                        "spec": "/pa/terrain/ice/brushes/ice_cliff_02.json",
                        "weight": [
                            1,
                            1,
                            1,
                            1
                        ],
                        "proj": "BP_Bend",
                        "op": "BO_Add",
                        "transform": [
                            -0.058235928416252136,
                            0.9302830100059509,
                            0.36219051480293274,
                            361.31982421875,
                            0.9537525773048401,
                            0.15901879966259003,
                            -0.2550862431526184,
                            -254.4730224609375,
                            -0.29489749670028687,
                            0.33058497309684753,
                            -0.8965204954147339,
                            -894.3652954101562
                        ],
                        "scale": [
                            1,
                            1,
                            1
                        ],
                        "rotation": 0.22879458963871002,
                        "position": [
                            361.3196716308594,
                            -254.47291564941406,
                            -894.3653564453125
                        ],
                        "height": 997.5960083007812,
                        "weightHard": false,
                        "weightScale": [
                            1,
                            1,
                            1
                        ],
                        "mirrored": false,
                        "twinId": 0,
                        "flooded": false,
                        "pathable": false,
                        "mergeable": false,
                        "no_features": false,
                        "biomeColor": [
                            0,
                            0,
                            0,
                            1
                        ]
                    },
                    {
                        "spec": "/pa/terrain/ice/brushes/ice_cliff_01.json",
                        "weight": [
                            1,
                            1,
                            1,
                            1
                        ],
                        "proj": "BP_Bend",
                        "op": "BO_Add",
                        "transform": [
                            0.9944226741790771,
                            0.03725188970565796,
                            -0.09867051243782043,
                            -98.4288558959961,
                            0.06298929452896118,
                            -0.9601396322250366,
                            0.272332102060318,
                            271.6651306152344,
                            -0.08459256589412689,
                            -0.2770284116268158,
                            -0.9571311473846436,
                            -954.7869873046875
                        ],
                        "scale": [
                            1,
                            1,
                            1
                        ],
                        "rotation": 0.6439693570137024,
                        "position": [
                            -98.42874145507812,
                            271.664794921875,
                            -954.7867431640625
                        ],
                        "height": 997.5508422851562,
                        "weightHard": false,
                        "weightScale": [
                            1,
                            1,
                            1
                        ],
                        "mirrored": false,
                        "twinId": 0,
                        "flooded": false,
                        "pathable": false,
                        "mergeable": false,
                        "no_features": false,
                        "biomeColor": [
                            0,
                            0,
                            0,
                            1
                        ]
                    },
                    {
                        "spec": "/pa/terrain/ice/brushes/ice_cliff_01.json",
                        "weight": [
                            1,
                            1,
                            1,
                            1
                        ],
                        "proj": "BP_Bend",
                        "op": "BO_Add",
                        "transform": [
                            -0.8395866751670837,
                            -0.4570980370044708,
                            -0.29352277517318726,
                            -293.85595703125,
                            0.3994867503643036,
                            -0.8856862783432007,
                            0.2365802526473999,
                            236.8488006591797,
                            -0.36810946464538574,
                            0.08137117326259613,
                            0.9262149333953857,
                            927.2662963867188
                        ],
                        "scale": [
                            1,
                            1,
                            1
                        ],
                        "rotation": 2.680755138397217,
                        "position": [
                            -293.85595703125,
                            236.8488006591797,
                            927.266357421875
                        ],
                        "height": 1001.1351318359375,
                        "weightHard": false,
                        "weightScale": [
                            1,
                            1,
                            1
                        ],
                        "mirrored": false,
                        "twinId": 0,
                        "flooded": false,
                        "pathable": false,
                        "mergeable": false,
                        "no_features": false,
                        "biomeColor": [
                            0,
                            0,
                            0,
                            1
                        ]
                    },
                    {
                        "spec": "/pa/terrain/ice/brushes/ice_cliff_02.json",
